61.55
71.575
85.425
126.675
137.375
176.025
186.9
223
234.025
271.525
282.575
318.875
330
365.775
376.925
409.525
420.875
455.3
466.6
498.3
509.75
541.975
553.425
588.2
599.575
634.2
645.45
676.875
688.375
722.125
733.5
761.425
773.15
800.375
812.2
839.5
851.425
880.65
892.4
923.575
935.25
966.825
978.475
1009.2
1020.85
1048.3
1060.15
1088
1099.85
1128.38
1140.3
1168.8
1180.6
1211.8
1223.58
1253.18
1264.98
1295.45
1307.18
1338.83
1350.5
1380.03
1391.78
1422.53
1434.28
1463.35
1475.18
1503.1
1515.03
1544.93
1556.78
1586.95
1598.73
1627.23
1639.08
1667.68
1679.6
1708.75
1720.65
1748.73
1760.65
1787.5
1799.48
1827.63
1839.58
1868.85
1880.75
1910.08
1921.88
1949.2
1961.15
1988.7

