0
0
0
0
0
0
-10.324024494395495
0.00432614448648465
0.00484706606165486
0.0095351552579767
0.00539083864196228
-0.000660480229098438
-0.00526824790105469
0.00532507204638544
0.0174924336680334
0.0134762360372313
0.0113239597783137
0.00240057260211998
-0.00479512424160299
0.00606822978221892
0.0164083093375892
0.0190067889334049
0.020262248300623
0.0306713839146395
0.0299438101449588
0.0283551083864902
0.026380293455554
0.0111430571379104
0.00464599009257565
0.0105418247975808
0.0168628033935819
0.012634810972575
-0.00126755252855614
0.000209268095441775
0.0086402819790569
0.00539474888087589
0.0183363540045607
0.0155637945753321
0.00713626874830512
0.0037290124374887
-0.0141341082124404
-0.0169053987451087
0.0051333128242111
0.0151046556983329
0.0224826888177969
0.0258652263139613
0.00988513925538126
-0.00808668398864784
-0.0134360225597031
-0.0167098060210282
-0.0145660263367316
0.0113581465194875
0.029351934766012
0.0207492253202177
0.00432321715294034
-0.00871128415976766
-0.00388001755800538
0.0159166702658251
0.00971371483479642
0.00555896753396774
0.0149862391337071
0.0189415377948614
0.0125329240197792
0.0101353491200511
0.0156522173525836
0.0127650396546514
0.0195421768548488
0.0293190992070424
0.0273481009505657
0.00588389493813131
-0.00540116056564624
0.000359260759309337
-0.0109592890899811
-0.0116104710881259
5.86106425464031e-06
0.00956558166638216
0.015383155568709
0.00521219010676648
0.00170752326679296
0.00877274263970818
0.00390594941111363
0.00923919862127065
0.0230475601509066
0.0254320579068309
0.00674008353529735
0.00941833114299697
0.0251255247537978
0.0239730726185583
0.025973039602464
0.0140278619237297
-0.00793583892620152
-0.00170503364410464
0.0171098495499834
0.0287481252101264
0.0307935573101186
0.0249039839591362
0.0257556172018966
0.0321687286206462
0.0370506866259414
0.0276240606865476
0.0144176999382301
0.012330548185258
0.0251709752220953
0.0229326848398229
0.0269980852735924
0.0296142301164845
0.0225000672047929
0.017795299110894
0.00293703106247356
-0.00168755367408372
0.0070518577030034
0.011176437032772
0.00783190333534987
0.0160164897601795
0.0152986156648713
0.02226235859617
0.0324217594548438
0.0393350194172896
0.0382823778246813
0.0293230725242836
0.030051356440757
0.0222888227116022
0.0226039585395183
0.0337452212228421
0.0326868229654773
0.0209064048905778
0.011088974159357
0.0100059722522431
0.000546217468659173
-0.00194208855649794
-4.9209938303034e-05
0.00837533907989774
0.0200595134571716
0.0293204902907186
0.0300100783894129
0.0227515189500298
-0.000734860877963548
-0.00261052276881913
0.0245269541082787
0.0399145847690996
0.0405821205197261
0.0291337729097061
0.00269930490126544
-0.0087225199889904
0.0120969075223057
0.0342904955201315
0.0335298799041872
0.0207942650261137
0.0122206057477611
0.0299033078306901
0.0483187377629971
0.0367982515071696
0.0160427849255516
0.00461340518352535
0.00586641984706045
0.00854897430147735
0.00224793736262915
-0.00624550005578241
-0.00675741925343417
0.00718934804706166
0.0127775022377262
0.000871827567210451
0.00148206542542705
0.0122006587672758
0.013163789145985
0.0121351857546254
0.0130789583496606
0.012225590417359
0.0217876836389286
0.0217807250365478
0.0148387135869521
0.0181065296483064
0.0269184197334983
0.0322235934088714
0.0414391791651794
0.0338108745932713
0.0123078476793286
-0.00250989894867665
-0.0044179252663522
0.00249815919458392
0.00750536447230549
0.0157453988462094
0.0132790791906469
0.00758431617491736
0.0133444981377629
0.0184784636372259
0.0160013625362393
0.0237462399249608
0.0310075995169656
0.0307842270287439
0.0191789155382714
0.0169862532638278
0.0280411802709277
0.0344857735800159
0.0111564152581657
-0.00727009694873653
0.00615305477319917
0.0037714783554306
-0.00852878584555401
0.00794577540036191
0.0363982703021973
0.0292698314897924
0.00097099958336162
0.00300760292901071
0.0279344984773447
0.037643101018435
0.0149546725779906
0.0163727209434751
0.0290481522886276
0.0225489709184531
-0.00322338420974831
-0.000278438315125029
0.00544146708285007
0.00468285994372981
0.0101007497364739
0.0137040757087956
0.00878329079245037
0.00147231775998082
-0.00383669291745604
0.00420707364706131
0.0117568325044703
0.0186732014527417
0.0154536315598921
-8.06143889583857e-05
0.00245042064770382
0.0166389452510249
0.0176941423543831
0.0181324059657948
0.0168890841388685
0.00895014537166716
0.00677844479765349
0.0228417876093721
0.0181840471388573
-0.00469383141699414
-0.0151242294737375
0.00169216153205302
0.000255842270550539
-0.0171693831690543
-0.0166020999758292
-0.00210795478422473
0.00412968357781954
0.00514099716783053
-0.00425447221284735
-0.0210635754046928
-0.0168426236011179
-0.00221257947993087
-0.00287083979588927
0.00248604042018378
0.0168990585132654
0.0242258603049703
0.0222025951801886
0.0274430130922309
0.0258319819312565
0.01142494162653
0.0100100821915193
0.00650104230756135
0.00346381944628286
-0.00511560133478104
0.00245696976597693
0.0201465553056418
0.0279395165029528
0.0221736582982678
0.01773569538212
0.0205288763049442
0.0309694267516121
0.0406294578558489
0.0419501132643007
0.0272055948489241
-0.00110775894341192
0.0022811035212425
0.0148282163633381
0.0123010585408096
0.00374699744413384
0.00228657522958147
-0.00590304737847368
0.00406268925742853
0.0184286077704184
0.0292922349704497
0.0421300518604624
0.0269082537372442
0.0054985016948249
0.00835556996084776
0.00834496703593453
-0.0133829185449998
-0.0140703005326842
-0.00529120783163498
0.00422804467270695
0.00109056849936394
0.00551104480802238
0.0162374650817413
0.0123616266958866
-0.00754878060506498
0.00745702366344691
0.0237687004869737
0.0195082369835123
0.0185040314327948
0.0133034238824261
0.0080524627389892
-0.00196388024891132
-0.00437916586112209
0.010764669739223
0.0200265215600767
0.0182479234523389
0.00814590168417696
0.0047056321209648
0.0131551258706405
0.0143747240512051
0.0253449811191776
0.0219817293413154
0.0241948259877641
0.0231114191457649
0.000446173985262946
-0.000627525484671438
0.0115934687898056
0.0166045323568596
0.00872278214936835
0.0115843018352609
0.0155775558605031
0.00107667493351279
-0.00581703217811348
0.0110032812239719
0.0126506545757422
0.0153817689164818
0.0192172224772308
0.0144298621468986
0.0100669240442806
-0.00519831752782519
0.00178781641237756
0.00631485915245229
2.95953913506576e-06
0.00663175622041078
0.00260804982544847
0.00122222224023571
0.0067361547446382
0.00963726050619334
0.0149330351831815
0.00967364454618068
0.00974574603568796
0.0174564047383693
0.0148915792477015
0.0125248218130372
0.0049530085298778
-0.00388041584453062
0.00980343752316913
0.0333156584740399
0.0227742528313243
0.00234899887972773
0.00297237422060996
-0.00429124855749094
0.000442427763014227
0.00635974516758431
0.0171072529444069
0.0407228862524455
0.0390208340973367
0.0336692732724088
0.0315491282436331
0.0279920464846024
0.0112946958899637
-0.00402324339468026
0.00553236970913414
0.0176355659579657
0.0202086975070257
0.0148123979791426
0.014541537380676
0.00051921686358617
-0.0107072831579994
0.00760236330640121
0.0165482128236281
0.0108999379973024
0.011769742272703
0.0261957089393867
0.0347751896956859
0.0374934380390984
0.0366337197903863
0.03047680131376
0.0269162320443384
0.0194125585804539
0.0177009835858414
0.016991029881672
0.0158326238460525
0.0299395104740625
0.0276802462284727
0.0334725299190905
0.0417458547804327
0.0282766321297378
0.00724195700746486
0.0218830713646366
0.0406663631546283
0.0334002215917196
0.0130568015671255
0.00356472408533885
0.0126312232805261
0.0203603184286105
0.0142667566021468
0.00258021406601277
0.00155755287021679
0.00600809973747304
0.0159559830506522
0.0195260196048265
0.016037915226789
0.0237100508058359
0.0363205474750589
0.0249686867079123
0.0183790844120027
0.0206911136626418
0.0307412697931419
0.0484961280642285
0.0335159940523557
0.00892925657480566
0.011556233414781
0.0226434057257103
0.0195668013976853
-0.000200854455569838
-0.00273646151753699
-0.00108302050340414
-0.00414906936669317
-0.000689838327089433
-0.00115429532994889
0.0062389525696012
0.0227153475606029
0.0270008937925265
0.0205156493498101
0.0243884323756845
0.033672380289439
0.0219537156082243
-0.00471794709285768
-0.0104931801975102
0.00186008721684584
0.00562581231792639
-0.0109390303960626
0.00361738698606025
0.0262095064726083
0.0262524212409021
0.0414729371697076
0.042012395021017
0.0192911987745917
0.0118479327358082
0.0158877372834749
0.0169337575423159
0.017814898925628
0.0134188577690305
-7.00732159116984e-05
0.00228201049175583
0.0123754380859768
0.0156018590220205
0.0138663981639122
0.00182014714107903
-0.00797866239729009
-0.00439159398988493
-0.00921449973284538
-0.0203593555580223
-0.0139587030350771
-0.00532165149230393
0.00385399393638595
0.00798409024953439
0.00281070949040382
0.00754054768331672
0.0107722127148238
0.00824540449112618
0.00762234266968509
0.00318417567394415
0.0112317282932331
0.00795550679494532
0.00211980423371049
0.0147063212771314
0.0201772524625803
0.0062282626170289
0.0271428378404102
0.061969175434036
0.0729929600086912
0.0784620709909959
0.129479540232552
0.224041320684937
0.331910778037775
0.452196581909025
0.570944333724354
0.679199547654483
0.745862550518617
0.777043209071547
0.786103321380904
0.792655647305814
0.797766867652118
0.792671181916308
0.761580467095781
0.728223604161164
0.707474074551673
0.690446931616064
0.652037871821372
0.617019321402305
0.597177290143984
0.584903772244321
0.556287089809643
0.529830293358185
0.525763956010163
0.500832182039425
0.467985127032332
0.447054387941722
0.436575992461074
0.419121171514082
0.39583320116929
0.399687708945467
0.401028105991935
0.387833352483338
0.36816573202386
0.350460406870147
0.348592537660691
0.357407125642327
0.35608800559306
0.342327418265315
0.319963738178085
0.309343467561374
0.312693553472829
0.327569811350342
0.323446139103307
0.294545741062212
0.281866237381277
0.284221283772966
0.270660026455375
0.262054345283201
0.265598301079835
0.258126539949888
0.26254135834346
0.27594586879649
0.276389287783466
0.26790885449428
0.250108208924742
0.239349841950034
0.245500128169806
0.244950340980811
0.240391461691127
0.233035558160706
0.226517920882997
0.220103863347891
0.23066362249576
0.246361782644862
0.240053155998753
0.214739235621193
0.20235032284218
0.208639320184931
0.206864663837221
0.197436110904172
0.199892027279565
0.192274712570943
0.177395137292204
0.188487500282586
0.207795891587471
0.203877196101792
0.184584669403245
0.176058597593412
0.17493402008171
0.177320656177045
0.179924766262566
0.164817849699339
0.160268364925895
0.183871954376596
0.192050751257918
0.180761034465114
0.171350981751714
0.169957368034393
0.161369966130051
0.146766974258709
0.141586335713504
0.134925521233176
0.133544414167698
0.136155120940079
0.149496759421784
0.154263534108519
0.149579523880727
0.141975177837803
0.142186991557884
0.152658264371612
0.156821105234869
0.154040816149824
0.154922684068222
0.150885045458251
0.140548784721404
0.157082091361842
0.168865243564048
0.149435422348784
0.142050045539933
0.131235413114482
0.118236342964862
0.121539436040082
0.124957441944803
0.138746492201678
0.151547031540891
0.14775596408372
0.136721899098661
0.119265027618242
0.118965504021422
0.125570419237276
0.124710193640517
0.121400425796752
0.128427614422956
0.137572820984024
0.141074829827083
0.132823165269867
0.124327804631754
0.132653019097279
0.137424257809722
0.134317156974172
0.133333470801034
0.12116554139011
0.107865844833248
0.119002937055152
0.131056762578269
0.133519186696024
0.127938197124874
0.116964279445729
0.116700040360097
0.101358658908973
0.0903430123495291
0.0885596820085518
0.0925547491804687
0.132427731263902
0.159075028687183
0.149082854724267
0.147344649341579
0.144372309994757
0.132965040497909
0.122456776809289
0.119993798185319
0.127884416772065
0.129972692712402
0.130132810154944
0.137219582615594
0.141345292782415
0.140815207249402
0.144848684884125
0.132696021207595
0.127831665887953
0.125951206742766
0.124278124451889
0.125448015674985
0.127675990324942
0.121088173939363
0.124221383852348
0.130909038946282
0.112806628868769
0.0982331205855156
0.103282297288757
0.102971061058596
0.103805397062555
0.115416787065496
0.113454361566768
0.0912653296924506
0.0821592450438794
0.106300659999855
0.105902359621782
0.099064620943548
0.10808400197992
0.107769177229839
0.110954978027799
0.118131637147568
0.116768010847722
0.124497657137965
0.151035512653227
0.155318181053851
0.122200533566493
0.0867540268897793
0.0829381999312328
0.104954096929806
0.121595036762182
0.116496998906248
0.123203025707527
0.123546818816153
0.110216337060489
0.110120015135484
0.106347863971745
0.0903154063449737
0.0964660767225925
0.099457898272423
0.0893374566983551
0.082883172046503
0.0818827104886865
0.0814594681120476
0.087479111306973
0.0900455872345876
0.0806866638245433
0.0646670867429405
0.0615701966237097
0.0601730895345838
0.048612219927519
0.044438502370938
0.0494093041431601
0.0592588762631056
0.0744787844601742
0.0896222460938511
0.0869235676183594
0.0751368127565835
0.0790681827973057
0.0989556815511042
0.095873115831262
0.0749014844319363
0.069569733567432
0.0633943523188225
0.0579916977801058
0.0605095465785758
0.0579338096928639
0.0581200840859935
0.0578702207716638
0.0662549289746035
0.0653786374610208
0.0581862668365275
0.0638003819584259
0.0648797835558662
0.0555217209964368
0.0514257122655253
0.060786043763964
0.092667837540515
0.102719897110673
0.0926342549166195
0.0924986293917743
0.0939196130844095
0.0869830909230114
0.0835980067591591
0.0804278087293912
0.0919865416642296
0.0824486811391793
0.0689148069647728
0.0780904185769031
0.0918943598838221
0.0915457648840259
0.0825617854592223
0.0719023444506526
0.0644475536587838
0.0719100846430212
0.0847768850795898
0.0906786631633102
0.0921698656526836
0.0936873369762757
0.0933951453625386
0.092068299002367
0.0921403475507691
0.0858308288946909
0.0856570720985776
0.0692442867069955
0.058492437197238
0.0667384345324962
0.0752456568380209
0.0904541386951876
0.0874379707654304
0.0742827761514143
0.0677353621922983
0.0749569178816454
0.0851904208808534
0.0895727520396764
0.0839277088376021
0.0941383540844237
0.103056347151793
0.0870254784946525
0.082996158830222
0.0883240953450596
0.0827114227124434
0.0699475252028277
0.0678089287057467
0.0797030111483196
0.0720107287897067
0.0688566183902102
0.0820471360624495
0.0811754818378487
0.0532144109961373
0.0350094086180583
0.061925567986449
0.0838609024131932
0.0688746913844871
0.0600421322394502
0.0736371558411471
0.0851241899507478
0.070279404810406
0.0624319033040588
0.0735801177118652
0.0703641028350134
0.0607058402091089
0.0616864448116513
0.0741968840045766
0.0809099422041808
0.0838719205440179
0.0848237083497163
0.0844209129927951
0.0789980013281247
0.0777466554246134
0.0868264901615695
0.0873355759453589
0.0712129459865707
0.057900921236291
0.0666495940937387
0.0823328408091857
0.0712385188927965
0.0565271137752796
0.0570132452863555
0.0694308272869853
0.076919859470893
0.0760882192425458
0.0844268214542249
0.0913320082871337
0.100365530144939
0.0932964052343923
0.0826921047529082
0.0874299798146343
0.101341909441855
0.0938339037094247
0.0810382348128844
0.0814983039890732
0.0759526169507444
0.0460598799425567
0.0479762699987736
0.0781042305154466
0.0926806814779278
0.0829035418031588
0.0716793901891276
0.0779181008476712
0.072085894210886
0.0526291207741131
0.0476988193913697
0.0499748066806743
0.0511958153341317
0.053689833439226
0.0462863883501734
0.0522702805319725
0.0679399838083856
0.0693524998826956
0.0704440049725921
0.061677958003767
0.0461160627896363
0.043780892174327
0.0607134985846665
0.0778010090500902
0.0647534743483621
0.0587793709399272
0.0683190184569282
0.0677021596053363
0.0652293408666723
0.0736060257836265
0.0859784094240245
0.076022486052553
0.0675541879625539
0.0619846735916377
0.0585221842257327
0.0687828278496046
0.0777991895000606
0.0663559020443919
0.038917996994897
0.0286718423728225
0.041319087834993
0.0501944255382739
0.0460081805273262
0.0581852904670404
0.0757177274725837
0.064962188334076
0.0481680234262225
0.0515837924731024
0.0664212537249118
0.0757670827285457
0.0803080239196556
0.0718540802770435
0.057006836970241
0.0521092190490405
0.0396368234921007
0.0324063647054677
0.0474013646495089
0.0514895115098498
0.0529497593294955
0.0580054298108492
0.0591720831581667
0.0499252691462412
0.0449694365058492
0.0524019014098532
0.0563104931089815
0.0605123983556256
0.0576482656951169
0.0378515835860967
0.0292242470851031
0.0495500089933575
0.0693362157069167
0.0638098346152315
0.0483182144691762
0.0550928073148965
0.0666897265243058
0.0677158572289912
0.0530276944411774
0.0458292188931697
0.0567521787065408
0.0555937615220578
0.0377863341811576
0.0377948061842458
0.0412653527975489
0.0462476011553998
0.0330401300627406
0.0196575837002903
0.0363270503868737
0.0414645357704471
0.0390426923956496
0.0527483426826522
0.0615968281548478
0.0654709586854234
0.0696851891243792
0.0715128996239875
0.0699819817842603
0.0675323132731118
0.0631151134982742
0.0563749239954161
0.0479543011041204
0.0508528720404689
0.065204559430676
0.0720762979967695
0.0554239641515588
0.0402854466506272
0.0409465073934461
0.0598860818932586
0.0719047655935138
0.0632767744377545
0.0575704079468197
0.0637226558248248
0.0619579292105454
0.0478537870430223
0.0419836372304119
0.0542906519734774
0.0626880500446057
0.0642905884905613
0.0514128297092092
0.0456379261267303
0.053187100494236
0.0617618443001196
0.0684729929745928
0.0707601904655172
0.0660268506736576
0.051588073329953
0.0563269431379871
0.0612792972352193
0.051226571893199
0.0359091362870345
0.0285693319873058
0.0381294984470665
0.0544187549520593
0.0684022900199559
0.0621403247832028
0.0561068321160738
0.0576415457760237
0.0592212500925814
0.0515680788128452
0.0552405331845635
0.0618627783927013
0.0552321420194518
0.0469729181996518
0.0482158156305477
0.0410697441511216
0.0382449409630938
0.0435957794332591
0.0545314387694932
0.0582813629198458
0.0511185309847082
0.0392016381815057
0.0501568257722673
0.0571768706979081
0.0328751512027756
0.021895330920885
0.0459905767074283
0.0631865170164739
0.0427109548929918
0.0290658569394919
0.0273599826409731
0.0279224290736333
0.00955981161067481
0.0181007561982413
0.0488434873723684
0.06776019767971
0.0679940644477662
0.0448863987433705
0.0292655022530425
0.0416771398148604
0.0460067761447567
0.0451787996911288
0.0446748903446838
0.0508971947444288
0.062408067355962
0.0535808455175798
0.0560973734609013
0.0584799887323772
0.0389123281721689
0.0265451254894951
0.0313190070858263
0.0435460865547216
0.0453846171760976
0.0482671526568827
0.0475965073135792
0.0378613255378768
0.0426379409507564
0.0502253039879478
0.0424398075046851
0.0412296808872974
0.0343195310652405
0.0346584647767916
0.045373445749111
0.0552930590468531
0.0444156712837244
0.0264826718847122
0.0219497852929993
0.0269964341830264
0.0387250438162716
0.0473270817922871
0.0485044900772958
0.0439368841121456
0.0431125430120018
0.0514258064554441
0.0424021732816466
0.0387281667002513
0.0421003763374122
0.0368213683978748
0.0515577288885742
0.0538253105066897
0.0406418769132647
0.0204492833227189
0.00915331577001454
0.0192396109205246
0.0347502435312902
0.0340349892810654
0.02107156665624
0.0310354466371922
0.0501953970802042
0.0629441019845291
0.0520135533919292
0.0304925513432228
0.0235763934956773
0.0373072391204491
0.0535661117107012
0.0493701854278189
0.0364179021069847
0.0394683792603809
0.0481675490921977
0.0483076784925861
0.0349670964994021
0.0421021558726809
0.0520587773021246
0.069796471884742
0.081048687202694
0.0595119579204483
0.040448667329401
0.0293498716992075
0.0341332733543626
0.0390780940651894
0.0287459822604923
0.0305910477044287
0.030874586994492
0.0241756787207205
0.0329137994925938
0.0392950439613308
0.0315187933082638
0.0246037021486828
0.0253131235162368
0.0367382831351931
0.0394174043305305
0.0355665593195404
0.035368080691752
0.0447881259767466
0.0460511793111802
0.0351152275924402
0.0185969811188119
0.00849128690910274
0.0168709844955726
0.0311190109806981
0.0536097525041815
0.0650922997229593
0.0528842171051521
0.0308348318989031
0.0284497167018084
0.0307353132129979
0.0239795214426471
0.0261614443671442
0.050453568906995
0.0635309412550093
0.0615880755521898
0.060675192071489
0.0590553637177409
0.0546051095606962
0.0640260135358502
0.101757541366666
0.180893679585504
0.276707872757355
0.369811899941421
0.461640820657983
0.556543235736916
0.632261338733218
0.695786528403749
0.751886429082947
0.78093765979555
0.763055702727616
0.744304673504566
0.752158872548528
0.751141125307894
0.740064032889406
0.71786093911214
0.693373714492104
0.670430671477046
0.647786048046232
0.605773350348555
0.567204549945005
0.551129645707945
0.542824250910244
0.514077843079216
0.487803838718209
0.482259446862705
0.447636439307536
0.418126728018515
0.411316628045381
0.417127533843154
0.415419041630438
0.399238757081321
0.383671355416572
0.372409382439146
0.361847615598628
0.348115206528845
0.340354783421514
0.336190925695077
0.33889163449111
0.333722337593132
0.310415520562895
0.307271102408525
0.307284037461799
0.295095563942804
0.295056540539213
0.294778275497852
0.281398199705504
0.273759347353211
0.266503418571028
0.26104486890276
0.254927906429857
0.234109307405154
0.241375139809393
0.261280152749166
0.261032073991673
0.253875966036112
0.248989903947983
0.234506399407122
0.222575170578279
0.214396401734555
0.208149362222952
0.226279810641696
0.221722333344174
0.193944037171942
0.188121300324913
0.199933576058421
0.208337338763692
0.212777787835173
0.213103650947152
0.220614334506081
0.218206020217613
0.211132102649597
0.208698536253833
0.193713276011707
0.175400779691679
0.187828489339928
0.210792105793713
0.213330391383421
0.214191643756007
0.196475752159418
0.176828512518771
0.172465729756562
0.182005014169474
0.190080283154012
0.188018213504815
0.187424293512358
0.186700765911209
0.189187599221921
0.194680485883506
0.193394905354247
0.181679494800687
0.188971634713247
0.201916276775863
0.20190230361806
0.177267979420557
0.172366637347785
0.182863772510952
0.17240813043777
0.153431252576011
0.148114008726696
0.153208926187883
0.142911090619915
0.149907815019083
0.176485186162676
0.188847648492002
0.177938450162602
0.153107420211961
0.138985732446919
0.144406390557274
0.143308778507899
0.139123025557842
0.139785098973411
0.155671338002583
0.15518432412734
0.150009431997555
0.143310956244738
0.133949471574664
0.136140449517563
0.152650868276447
0.167057038565509
0.172387073707038
0.167348719860149
0.155812710366602
0.145344508578191
0.138008279727995
0.14575883985038
0.148123157474529
0.152170297692222
0.150777042923004
0.140628988282466
0.134721337235757
0.139006530455914
0.145893638731692
0.14009297704694
0.133702747630099
0.123207930345527
0.12119905933935
0.12701267995898
0.135281275248401
0.140019704505751
0.140344653476776
0.126782101239676
0.124180277352115
0.122455568881529
0.129616970111071
0.140606879301987
0.141035428661452
0.130639786947839
0.139942773914942
0.153333186837602
0.143086585401547
0.148244396256373
0.152718777659944
0.136343866409145
0.119161258911408
0.109067044614214
0.109218572181609
0.120901507256085
0.130540624331064
0.136548713986317
0.129746498022872
0.126241241910003
0.133015093534721
0.137229965668221
0.135688186802864
0.131251455948648
0.134897947300706
0.126580353035154
0.109041826632078
0.111424667810726
0.124260772707869
0.11851755713452
0.121489445684531
0.132020505679156
0.135358129612733
0.140708985309871
0.116285698967566
0.101797925264978
0.114884147302076
0.138098651788664
0.123496298979964
0.106717379689764
0.104117492991667
0.0844237896521057
0.0854808539817409
0.0984404354804979
0.100042461162398
0.104737938259189
0.109785378216928
0.110957716005046
0.104073889272474
0.104963110508354
0.097951471616479
0.0858941543073516
0.0894182555289559
0.0965420762629098
0.106738738728696
0.104440494709777
0.104140874419479
0.10834706109731
0.0998664050975619
0.0861066506622035
0.0875758735199838
0.103692607292153
0.111046790742323
0.102016298066501
0.0960594687818034
0.0895879180527425
0.0806865142805163
0.0752169478829353
0.090082424040468
0.109083422954028
0.106150767190075
0.0908102772796035
0.0874427410850587
0.0894925778653156
0.0838150523639538
0.088308474116726
0.0859929454862326
0.0717697749695384
0.0593971732155395
0.0683264269740745
0.084857543319868
0.0832085388027739
0.0861031011190569
0.0967564919455941
0.104293101070636
0.0901371445795065
0.0709730916366738
0.0810772403723824
0.0940753044384342
0.0938218115345481
0.0913226357592068
0.0937297822194884
0.0967084156232565
0.0944818379831522
0.0967664664652887
0.0919590529194196
0.0911235927849671
0.0824463049288927
0.0774262627701536
0.0860299191968329
0.0969015096405487
0.109719774822031
0.102643912539546
0.0746800453615167
0.0795389239816334
0.0916906349840737
0.0839948193747281
0.0787424338327354
0.0619916534456408
0.0638869849162282
0.0867597332862724
0.0932641945714508
0.0885224900062715
0.0907205448101339
0.0855371555559622
0.0871819911802678
0.0842166886247854
0.0804754952657836
0.0813152526799761
0.0820490284515257
0.0800371162020311
0.0787991453245059
0.0728584360403503
0.0740921075533966
0.0819549245207911
0.0770666230152184
0.0714867615878769
0.0718440881778584
0.0931272552378604
0.1026536591824
0.0923199716407059
0.0782608632969963
0.0733382557854745
0.098341621722275
0.114023788080863
0.0955076311269781
0.0772115270866313
0.0757630777898145
0.0806581381953198
0.0702385887452719
0.0557248460396342
0.0592375363598298
0.0698064756987292
0.0810546370991131
0.0813782436952381
0.0817899334468684
0.0775364658823292
0.0826695406375906
0.0837430847009101
0.070978684699038
0.060458052005435
0.0621143196342106
0.0757286144936396
0.082876787252733
0.0806957119629027
0.079598840826505
0.0830526219860626
0.086382734892466
0.0764812693196194
0.0641047533353712
0.0743749359760179
0.0900579258972386
0.0907798911045128
0.0909112713988671
0.0861371555308541
0.085596522295748
0.0796702921440589
0.0644414239637091
0.0675375209397452
0.0708259623796673
0.0695000558333022
0.082633840860765
0.0864006287891652
0.0764134699976991
0.0637540422692919
0.0652067539420663
0.073272842687871
0.0863987032573988
0.0972920446327639
0.105465478528157
0.097227006030422
0.074787725684987
0.0663188246395725
0.0603569448801748
0.0566954427945501
0.0592254663794774
0.0561291248987901
0.0666150322533642
0.0810532587761419
0.0844019434346979
0.0743961020299234
0.0649976004311332
0.0649992823686327
0.0566877550958204
0.0523733884803749
0.0502415887218081
0.0506811908440004
0.0597839309798611
0.0618791613939669
0.0720476473509099
0.0847894462461702
0.0571730647258917
0.0357007376025245
0.0484795671511751
0.0590634365572189
0.0593952786591627
0.0653814648439485
0.0753144594798434
0.0547949633717
0.0570664339631452
0.0815096737853335
0.0777895348729752
0.0699568519921766
0.0653014067378718
0.0584300238588741
0.067037599056933
0.0729099284088639
0.0639815465743548
0.0588697596570782
0.051367182722033
0.062019016073795
0.0682342955504911
0.0643024472139799
0.0782626194202942
0.0957014864639343
0.0903238398449859
0.0758552313963674
0.0555050388487224
0.071056785024146
0.0823809614544684
0.0612781402257887
0.0555145533811065
0.065772723526874
0.0669803795145398
0.0740857389812366
0.081547843218184
0.0718479882758372
0.0730751825538844
0.0752282277622795
0.0614967087728039
0.0439790692140289
0.0571221900028275
0.0736138108508218
0.0725039066386666
0.0728959121330476
0.0662913387187577
0.0646312700479772
0.0663248415890805
0.0729006359649972
0.0874099300720844
0.0942520918762293
0.093227834147744
0.0890217482629104
0.0963128465305726
0.0854339118330224
0.0555868591075925
0.0414682339654108
0.0482647631519803
0.0693874687150173
0.0735313442268683
0.0667566617525704
0.0582511420158352
0.0606113172132149
0.0730915921030992
0.0742777349261413
0.0695648701291294
0.0644338961817623
0.0676685863184586
0.0790673970614857
0.0796302009078399
0.0669455623804949
0.0588180828482442
0.0481215931120317
0.0427402704919919
0.0472433765089337
0.0572112907792784
0.0590519152067461
0.0604675811132014
0.0631873065273185
0.0679878259141222
0.0789592377940953
0.0905258255589824
0.0821376988756094
0.0621413487649806
0.0507493951236223
0.0519396715198336
0.0598993844505779
0.0688822347637553
0.090020375059588
0.080969558271356
0.0520097511856316
0.0504192370289346
0.0739425267597536
0.0778535067184243
0.0609458881397663
0.0506993688884481
0.0666302306307125
0.071188214957665
0.0679000230241733
0.0613157925870386
0.055791386624562
0.0595114844071797
0.0517086209783057
0.048161357272017
0.0526956675580548
0.04756977407456
0.0524278496013961
0.0719616524099727
0.0710538259250239
0.0545228247821593
0.0356988274148175
0.0449089516922267
0.054412563620975
0.0493139030366351
0.0436986542523499
0.0452000889795064
0.0529144915357533
0.0602205252960821
0.0449295848929338
0.0357001330909348
0.0573421422372696
0.0777706302917841
0.0788567731934117
0.0637578319378819
0.050288627549567
0.0509668038838452
0.0587656884299494
0.0597999382883169
0.0511331885288582
0.0521957954931256
0.050112515806768
0.0414831453410725
0.0460434749255924
0.0564280765434925
0.0459021439514421
0.0405430996992731
0.052560388638473
0.0715920306051905
0.0773215306432058
0.0599163531151638
0.0510811125798384
0.0590740131392654
0.0748101477952014
0.078645340776807
0.0766787795626274
0.066107175910567
0.0523678561727279
0.0558707213260218
0.0558913116890425
0.0564441321551546
0.0663510616761245
0.0676348279461182
0.0725703759118413
0.0856601717679132
0.0920720306001309
0.0778929963831962
0.057568767322491
0.0538923395743866
0.0567711999452214
0.0629648128822001
0.0775092029309004
0.0767654833624251
0.065454265255847
0.0535099099137445
0.0365585230172384
0.0539245683105049
0.0682069101319797
0.0484220767237872
0.0392100829531065
0.048954604739405
0.054606309508135
0.0638910933363453
0.0682532813612126
0.0592552143552611
0.0421180977824081
0.0233123914796234
0.0273051615641338
0.0393096046561672
0.055148456854438
0.0672204310330536
0.0726711596385687
0.0780830247136357
0.089537525000489
0.0694774085659695
0.0443451017623062
0.0283644088822811
0.0320994073616429
0.0572973197849394
0.067230783916084
0.0595467139380605
0.0696732625932116
0.0777962385820092
0.0805782568066797
0.080100671199786
0.0634436837873041
0.051432571956323
0.0475720133647293
0.0575466108257634
0.0673047921962747
0.064413612923266
0.0565832397774293
0.061943735363375
0.0759792898500203
0.0784419269817387
0.0664577252934192
0.0528742509846028
0.0521935704175831
0.0542239296950037
0.0515329058349097
0.0591506767207386
0.0620817930575406
0.0607906582080432
0.0546591135749889
0.0499279076554202
0.0533614991364461
0.0553141257445625
0.0511979671300913
0.0417234386587462
0.0446539135842156
0.0412658987876085
0.0493590930364292
0.0643411556191479
0.0521130350133858
0.0441834410750205
0.0489334949006919
0.049098676243568
0.0447101101246321
0.0453322622852836
0.0505240419161111
0.0433404636134162
0.043808658952897
0.0438015655805909
0.0455844391287416
0.0499181051870029
0.0519354318886708
0.0525584372804825
0.0570881968230786
0.060079886954365
0.0554326059332717
0.0558073274522361
0.0490825121771987
0.0447575762266423
0.044213083766939
0.0508405459952039
0.0515164330749065
0.043746976810055
0.0550841832257159
0.0587945316846889
0.0548371387968768
0.0494366250654164
0.0413841397600813
0.0432465215527532
0.0350233764869199
0.00945801133882185
0.00681225430639549
0.0210604773316821
0.0370445777818341
0.0458467077392333
0.0376774212655376
0.0381849283522389
0.0406788581124114
0.0414462984482061
0.0362199463552587
0.046358306301641
0.0627213596252957
0.0677177989992577
0.0656904463189211
0.0527489533348604
0.035560324334613
0.0367465172884781
0.0377356054037919
0.00900680861378348
-0.0028881506435212
0.0150592207421662
0.0361410553162888
0.0535792255242185
0.0544362097325375
0.030914267994393
0.0210786970474883
0.0198681617851885
0.0385684366389148
0.0463889110932353
0.0324675624403567
0.0345073192627145
0.0490896430611252
0.0531602729199511
0.0601058644684436
0.0471661503175051
0.0454250057992749
0.0459761608819088
0.0374740886673815
0.0396028446084771
0.0381052609006751
0.0297300957678288
0.0267584020463496
0.0402135595653372
0.059137976782682
0.0646292261826611
0.0543740783732206
0.0584363895007317
0.0704183656943593
0.0643655085685769
0.0548688081142047
0.0484924285775916
0.0393325571728131
0.0328930515481171
0.0162260305532271
0.00738152556425257
0.0287106869514597
0.0475170636073476
0.0495047396869401
0.0539045876519753
0.0672482258700737
0.057443594476122
0.0460268143012693
0.039727526816436
0.0298482301142817
0.029154223399842
0.0384191417727165
0.0456681453361722
0.0386651654080609
0.0332524567224933
0.0374336023875004
0.0371177880208039
0.0532830630122001
0.0576107245915058
0.0401207802700164
0.0457600046745273
0.0463791180290067
0.0361877838463314
0.0427812102767369
0.0605265879205978
0.0441152384915843
0.0307317559536021
0.0443332750165314
0.0418036368461545
0.0451030694593186
0.0491426981948566
0.0459166928290068
0.0418288975629772
0.0452409146365318
0.0614076903541381
0.0593354928764658
0.0578551933901766
0.0600091020905108
0.0520514965382293
0.0562196131327731
0.0694285072573438
0.103170934479838
0.159020120219649
0.25240300395841
0.378513176228245
0.508786598213847
0.636417201174485
0.744359770610329
0.833056440464551
0.908486626509017
0.950378808769251
0.956910251328735
0.962578118223918
0.955822767848168
0.951592284312137
0.956130216200461
0.92123554084438
0.879811136892188
0.865933706091245
0.824714580010324
0.764439082132683
0.729335423555421
0.715885873481712
0.699608460212881
0.658133365042114
0.6173758141491
0.585850531751117
0.571064337137862
0.557999944331634
0.543030881744131
0.527779203751394
0.509765130037256
0.498263060504991
0.491007595464605
0.479671219184394
0.471319473125855
0.464714893267201
0.457575155065671
0.446954971076854
0.440299951813025
0.431595608685723
0.415765754651566
0.402552620779038
0.384411688195736
0.381160693585024
0.363236280874382
0.344431199357784
0.349480034752734
0.357246621907149
0.357239173957604
0.349451697213935
0.353344705588015
0.353790992285524
0.321889997174636
0.299583172818521
0.304532760676205
0.301544181636124
0.288904719069887
0.291215095467207
0.302142377602154
0.301177394131366
0.294427901897445
0.27778174100104
0.270019008825069
0.259245049952263
0.264727852003697
0.263286046354166
0.237142654750215
0.230780880369781
0.237847626354287
0.242313846365648
0.240201315121891
0.245753456717916
0.253801283002542
0.243189677660264
0.241785178155059
0.23643859310266
0.234474387555813
0.26307093560317
0.273840712992224
0.257818627753131
0.237244668802645
0.220765683181043
0.221240850604476
0.231356977623276
0.231514936746998
0.22192046391588
0.218562011365408
0.234255673624398
0.246633432267991
0.232815837320465
0.224222651915283
0.229002328446294
0.224193382118929
0.21454049095018
0.222224334286787
0.220188088988235
0.221643398108468
0.220728833681086
0.201156040050106
0.194996519266595
0.196376860003143
0.198981339266205
0.20606334067759
0.201166444128037
0.196743227360266
0.209508200486356
0.216234934478096
0.208200747949618
0.19363463272256
0.188781622094889
0.187619729599374
0.191012635542995
0.201933959678093
0.20213455299493
0.184219021095275
0.187581800494007
0.196043788314222
0.199775100326318
0.206483011222233
0.192222231195453
0.167853124965291
0.158376167043058
0.164480018751254
0.179658192105592
0.184267728867102
0.158274797847998
0.149730492649015
0.173553974051545
0.17493233327377
0.153527106651571
0.13716087118957
0.136120348085125
0.141764861973406
0.144926170536868
0.16449099699342
0.166154542234817
0.173524105628602
0.186605882269975
0.180382153591886
0.163193342635204
0.157576973225602
0.171835583569567
0.16197155964725
0.147678158820721
0.163404619424489
0.168351863305264
0.156340461509994
0.146529258413679
0.158284915982437
0.166299672762723
0.162592838323961
0.157138817294882
0.153338011166718
0.155354944825607
0.156141343115495
0.15085325326121
0.15254210034875
0.152227716701447
0.151792808302352