61.55
71.575
85.425
126.625
137.325
175.925
186.8
222.825
233.875
271.3
282.35
318.6
329.7
365.475
376.625
409.2
420.55
454.95
466.25
497.9
509.35
541.6
553.05
587.825
599.2
633.925
645.15
676.575
688.075
721.85
733.225
761.15
772.9
800.125
811.95
839.2
851.125
880.325
892.075
923.25
934.925
966.525
978.175
1008.93
1020.55
1048
1059.85
1087.68
1099.55
1128.03
1139.93
1168.45
1180.25
1211.43
1223.18
1252.78
1264.58
1295.08
1306.83
1338.53
1350.2
1379.73
1391.5
1422.25
1434.03
1463.05
1474.88
1502.78
1514.7
1544.38
1556.23
1586.48
1598.25
1626.8
1638.65
1667.2
1679.13
1708.23
1720.15
1748.25
1760.15
1787.05
1799.03
1827.18
1839.13
1868.33
1880.25
1909.6
1921.4
1948.73
1960.68
1988.23

